5.024590934249220098e+00
4.400034028202299830e+00
5.144399823794791438e+00
4.684033495807501168e+00
4.841943348523583879e+00
4.988791337671536930e+00
4.485731631498150129e+00
5.341435095771430497e+00
5.196628359799115415e+00
4.987177075154584749e+00
5.797159830804432090e+00
5.199435902477707927e+00
4.905926862676036393e+00
5.236774408265345571e+00
5.273795375553798515e+00
5.421604043999146860e+00
4.968861261753055203e+00
5.224358533688247874e+00
5.410440302769577769e+00
4.992147106269733570e+00
4.428173296420165883e+00
4.541599349994466905e+00
4.956759309381306267e+00
4.996830983439083163e+00
4.932346299837681691e+00
5.276272059701556216e+00
5.034919477254978126e+00
5.112284099079454691e+00
4.938618818614400219e+00
5.011757621839140420e+00
5.447852281218138693e+00
4.875139245813228328e+00
4.947894932546882174e+00
5.424519089341950817e+00
4.827566092241599272e+00
5.397614105540571749e+00
5.140848120910144203e+00
5.048130260758727950e+00
5.107141914085482348e+00
5.629485838651693719e+00
4.803032745997799502e+00
5.085053596256213559e+00
5.138821833065408740e+00
5.094005234670881066e+00
4.699113184230549578e+00
5.631501770368649851e+00
5.063320384738377200e+00
5.153889257561040438e+00
4.591917612910718205e+00
5.091922467807885155e+00
5.034253107858858378e+00
4.603337965093233564e+00
5.152510083162651355e+00
4.766617619357726987e+00
5.769698377763850416e+00
5.263214220441059688e+00
4.485792217352468469e+00
5.223626741462846113e+00
4.899254096460255781e+00
5.063308054039537431e+00
4.879121964794769895e+00
5.370251132312943376e+00
5.236983865040870434e+00
5.344371199552462315e+00
4.757230880292351749e+00
4.829027813269015645e+00
4.498194208192670906e+00
5.284876334544242660e+00
5.296743137492128994e+00
5.217017290039339450e+00
5.566800541673107894e+00
4.881812552109003889e+00
5.049672069829502341e+00
4.296241242793741755e+00
4.922400334117372545e+00
4.556883297959807066e+00
5.699139203577912483e+00
4.944234894296109850e+00
5.160704666684727826e+00
5.287718973526264854e+00
4.745332623504863179e+00
5.405504191172759043e+00
5.138105417984949241e+00
5.296558576233675097e+00
5.138684904403969078e+00
4.931163109019638391e+00
4.725305966381804446e+00
5.443833814407081029e+00
5.087497743320369636e+00
5.310342126488835746e+00
4.999365626884197944e+00
5.135551011484936978e+00
5.097776503860765196e+00
5.084051343362611775e+00
4.588639963042495218e+00
4.776499715559707759e+00
4.708696011157361028e+00
5.494924184692033364e+00
4.868969864446435203e+00
4.870365069760135057e+00
